    duration nutrition age1 age2 alcohol smoking
    1      1     150    0    0    0    1
    2      1     124    1    0    0    0
    3      1     128    0    0    0    1
    4      1     128    1    0    0    1
    5      1     133    0    0    1    1
    6      1     130    0    0    1    1
    7      1     154    0    0    0    0
    8      1     110    1    0    0    0
    9      1     104    0    0    1    1
   10      1     133    0    0    0    1
   11      1     144    0    0    1    0
   12      1     128    0    0    1    1
   13      1     102    0    0    0    1
   14      1     127    0    0    1    1
   15      1     111    0    0    1    1
   16      1     100    0    0    0    0
   17      1     128    1    0    0    0
   18      1     102    0    1    0    0
   19      1      94    0    0    1    0
   20      1     117    0    1    1    0
   21      1      97    1    0    1    1
   22      1     139    0    1    1    1
   23      1     125    0    1    1    1
   24      1     149    0    1    0    1
   25      1     150    0    1    1    1
   26      1     137    1    0    1    0
   27      2     130    0    0    0    0
   28      2     122    0    0    0    0
   29      2      99    1    0    0    0
   30      2     122    1    0    0    0
   31      2     111    0    0    0    1
   32      2     124    0    0    0    1
   33      2     123    0    0    0    1
   34      2     121    0    0    0    1
   35      2     139    0    0    1    0
   36      2     110    0    0    0    1
   37      2     122    0    0    0    1
   38      2     144    1    0    0    0
   39      2     127    1    0    0    0
   40      2     125    0    0    1    0
   41      2     122    1    0    0    0
   42      2     127    1    0    0    0
   43      2     114    0    1    0    1
   44      2     143    0    1    1    0
   45      2     148    1    0    0    1
   46      2     144    0    1    0    1
   47      2     174    0    1    1    0
   48      2     131    0    1    0    1
   49      2     134    0    0    1    1
   50      2     124    0    1    0    1
   51      2     142    1    0    1    0
   52      2     133    0    0    1    1
   53      2     113    1    0    0    1
   54      2     126    0    1    0    0
   55      2     104    0    1    0    1
   56      2     144    1    0    0    1
   57      2     134    1    0    0    1
   58      2     130    0    0    1    1
   59      2     127    0    0    1    0
   60      2     135    0    0    1    1
   61      2     164    0    0    1    1
   62      3     181    0    0    0    1
   63      3     130    0    0    0    0
   64      3     185    0    0    0    0
   65      3     160    0    0    0    1
   66      3     165    0    0    0    0
   67      3     161    0    0    0    0
   68      3     110    0    0    0    0
   69      3     110    0    0    0    0
   70      3     150    0    0    1    0
   71      3     119    0    0    1    0
   72      3     104    0    0    0    0
   73      3     120    0    0    0    0
   74      3     133    0    0    0    0
   75      3     135    0    0    0    0
   76      3     150    0    0    1    0
   77      3     179    0    0    1    0
   78      3     194    0    1    0    0
   79      3     179    0    0    1    0
   80      3     190    1    0    0    0
   81      3     165    0    0    0    1
   82      3     155    0    0    0    1
   83      3     159    0    1    0    0
   84      3     132    0    1    0    0
   85      3     130    0    0    0    1
   86      3     152    0    0    0    1
   87      3     152    0    1    0    0
   88      3     180    0    0    0    1
   89      3     109    0    0    1    0
   90      3     152    0    0    0    1
   91      3     117    0    0    1    0
   92      3     139    0    1    0    0
   93      3     149    0    0    0    1
   94      3     170    0    0    0    1
   95      3     139    1    0    0    0
   96      3     135    1    0    0    0
   97      3     115    0    1    0    0
   98      3     144    1    0    0    0
   99      3     102    0    0    1    0
  100      3     117    0    0    1    1
  101      3     165    0    0    1    1
  102      3     134    0    0    1    1